DLC;Errors;Burst;Undetected_Errors
0;1;2;0
0;1;3;0
0;1;4;0
0;1;5;0
0;1;6;0
0;1;7;0
0;1;8;0
0;1;9;0
0;1;10;0
0;1;11;0
0;1;12;0
0;1;13;0
0;1;14;0
0;1;15;0
0;1;16;0
0;1;17;0
0;1;18;0
0;1;19;0
0;1;20;0
0;1;21;0
0;1;22;0
0;1;23;0
0;1;24;0
0;1;25;0
0;1;26;0
0;1;27;0
0;1;28;0
0;1;29;0
0;1;30;0
0;2;2;0
0;2;3;0
0;2;4;0
0;2;5;0
0;2;6;0
0;2;7;0
0;2;8;0
0;2;9;0
0;2;10;0
0;2;11;0
0;2;12;0
0;2;13;0
0;2;14;0
0;2;15;0
0;2;16;0
0;2;17;0
0;2;18;0
0;2;19;0
0;2;20;0
0;2;21;0
0;2;22;0
0;2;23;0
0;2;24;0
0;2;25;0
0;2;26;0
0;2;27;0
0;2;28;0
0;2;29;0
0;2;30;0
0;3;3;0
0;3;4;0
0;3;5;0
0;3;6;0
0;3;7;0
0;3;8;0
0;3;9;0
0;3;10;0
0;3;11;0
0;3;12;0
0;3;13;0
0;3;14;0
0;3;15;0
0;3;16;0
0;3;17;0
0;3;18;0
0;3;19;0
0;3;20;0
0;3;21;0
0;3;22;0
0;3;23;0
0;3;24;0
0;3;25;0
0;3;26;0
0;3;27;0
0;3;28;0
0;3;29;0
0;3;30;0
0;4;4;0
0;4;5;0
0;4;6;0
0;4;7;0
0;4;8;0
0;4;9;0
0;4;10;0
0;4;11;0
0;4;12;0
0;4;13;0
0;4;14;0
0;4;15;0
0;4;16;0
0;4;17;0
0;4;18;0
0;4;19;0
0;4;20;0
0;4;21;0
0;4;22;0
0;4;23;0
0;4;24;0
0;4;25;0
0;4;26;0
0;4;27;0
0;4;28;0
0;4;29;0
0;4;30;0
0;5;5;0
0;5;6;0
0;5;7;0
0;5;8;0
0;5;9;0
0;5;10;0
0;5;11;0
0;5;12;0
0;5;13;0
0;5;14;0
0;5;15;0
0;5;16;0
0;5;17;0
0;5;18;0
0;5;19;0
0;5;20;0
0;5;21;0
0;5;22;0
0;5;23;0
0;5;24;0
0;5;25;0
0;5;26;0
0;5;27;0
0;5;28;0
0;5;29;0
0;5;30;0
0;6;6;0
0;6;7;0
0;6;8;0
0;6;9;0
0;6;10;0
0;6;11;0
0;6;12;0
0;6;13;0
0;6;14;0
0;6;15;0
0;6;16;0
0;6;17;0
0;6;18;0
0;6;19;0
0;6;20;0
0;6;21;0
0;6;22;0
0;6;23;100
0;6;24;245
0;6;25;290
0;6;26;364
0;6;27;347
0;6;28;434
0;6;29;456
0;6;30;517
0;7;7;0
0;7;8;0
0;7;9;0
0;7;10;0
0;7;11;0
0;7;12;0
0;7;13;0
0;7;14;0
0;7;15;0
0;7;16;0
0;7;17;0
0;7;18;0
0;7;19;0
0;7;20;0
0;7;21;0
0;7;22;0
0;7;23;0
0;7;24;0
0;7;25;0
0;7;26;0
0;7;27;0
0;7;28;0
0;7;29;0
0;7;30;0
0;8;8;0
0;8;9;0
0;8;10;0
0;8;11;0
0;8;12;0
0;8;13;0
0;8;14;0
0;8;15;0
0;8;16;785
0;8;17;862
0;8;18;675
0;8;19;680
0;8;20;722
0;8;21;784
0;8;22;659
0;8;23;655
0;8;24;615
0;8;25;624
0;8;26;595
0;8;27;623
0;8;28;638
0;8;29;631
0;8;30;650
0;9;9;0
0;9;10;0
0;9;11;0
0;9;12;0
0;9;13;0
0;9;14;0
0;9;15;0
0;9;16;0
0;9;17;0
0;9;18;0
0;9;19;0
0;9;20;0
0;9;21;0
0;9;22;0
0;9;23;0
0;9;24;0
0;9;25;0
0;9;26;0
0;9;27;0
0;9;28;0
0;9;29;0
0;9;30;0
0;10;10;0
0;10;11;0
0;10;12;0
0;10;13;0
0;10;14;0
0;10;15;0
0;10;16;0
0;10;17;525
0;10;18;678
0;10;19;794
0;10;20;799
0;10;21;723
0;10;22;769
0;10;23;717
0;10;24;739
0;10;25;687
0;10;26;655
0;10;27;632
0;10;28;583
0;10;29;564
0;10;30;618
0;11;11;0
0;11;12;0
0;11;13;0
0;11;14;0
0;11;15;0
0;11;16;0
0;11;17;0
0;11;18;0
0;11;19;0
0;11;20;0
0;11;21;0
0;11;22;0
0;11;23;0
0;11;24;0
0;11;25;0
0;11;26;0
0;11;27;0
0;11;28;0
0;11;29;0
0;11;30;0
0;12;12;0
0;12;13;0
0;12;14;0
0;12;15;0
0;12;16;0
0;12;17;0
0;12;18;0
0;12;19;0
0;12;20;144
0;12;21;390
0;12;22;476
0;12;23;500
0;12;24;522
0;12;25;576
0;12;26;568
0;12;27;588
0;12;28;579
0;12;29;624
0;12;30;640
0;13;13;0
0;13;14;0
0;13;15;0
0;13;16;0
0;13;17;0
0;13;18;0
0;13;19;0
0;13;20;0
0;13;21;0
0;13;22;0
0;13;23;0
0;13;24;0
0;13;25;0
0;13;26;0
0;13;27;0
0;13;28;0
0;13;29;0
0;13;30;0
0;14;14;0
0;14;15;0
0;14;16;0
0;14;17;0
0;14;18;3303
0;14;19;2543
0;14;20;1578
0;14;21;960
0;14;22;784
0;14;23;724
0;14;24;711
0;14;25;649
0;14;26;659
0;14;27;604
0;14;28;618
0;14;29;631
0;14;30;586
0;15;15;0
0;15;16;0
0;15;17;0
0;15;18;0
0;15;19;0
0;15;20;0
0;15;21;0
0;15;22;0
0;15;23;0
0;15;24;0
0;15;25;0
0;15;26;0
0;15;27;0
0;15;28;0
0;15;29;0
0;15;30;0
0;16;16;0
0;16;17;0
0;16;18;0
0;16;19;0
0;16;20;0
0;16;21;498
0;16;22;424
0;16;23;446
0;16;24;462
0;16;25;573
0;16;26;590
0;16;27;681
0;16;28;583
0;16;29;629
0;16;30;631
1;1;2;0
1;1;3;0
1;1;4;0
1;1;5;0
1;1;6;0
1;1;7;0
1;1;8;0
1;1;9;0
1;1;10;0
1;1;11;0
1;1;12;0
1;1;13;0
1;1;14;0
1;1;15;0
1;1;16;0
1;1;17;0
1;1;18;0
1;1;19;0
1;1;20;0
1;1;21;0
1;1;22;0
1;1;23;0
1;1;24;0
1;1;25;0
1;1;26;0
1;1;27;0
1;1;28;0
1;1;29;0
1;1;30;0
1;2;2;0
1;2;3;0
1;2;4;0
1;2;5;0
1;2;6;0
1;2;7;0
1;2;8;0
1;2;9;0
1;2;10;0
1;2;11;0
1;2;12;0
1;2;13;0
1;2;14;0
1;2;15;0
1;2;16;0
1;2;17;0
1;2;18;0
1;2;19;0
1;2;20;0
1;2;21;0
1;2;22;0
1;2;23;0
1;2;24;0
1;2;25;0
1;2;26;0
1;2;27;0
1;2;28;0
1;2;29;0
1;2;30;0
1;3;3;0
1;3;4;0
1;3;5;0
1;3;6;0
1;3;7;0
1;3;8;0
1;3;9;0
1;3;10;0
1;3;11;0
1;3;12;0
1;3;13;0
1;3;14;0
1;3;15;0
1;3;16;0
1;3;17;0
1;3;18;0
1;3;19;0
1;3;20;0
1;3;21;0
1;3;22;0
1;3;23;0
1;3;24;0
1;3;25;0
1;3;26;0
1;3;27;0
1;3;28;0
1;3;29;0
1;3;30;0
1;4;4;0
1;4;5;0
1;4;6;0
1;4;7;0
1;4;8;0
1;4;9;0
1;4;10;0
1;4;11;0
1;4;12;0
1;4;13;0
1;4;14;0
1;4;15;0
1;4;16;0
1;4;17;0
1;4;18;0
1;4;19;0
1;4;20;0
1;4;21;0
1;4;22;0
1;4;23;0
1;4;24;0
1;4;25;0
1;4;26;0
1;4;27;0
1;4;28;0
1;4;29;0
1;4;30;0
1;5;5;0
1;5;6;0
1;5;7;0
1;5;8;0
1;5;9;0
1;5;10;0
1;5;11;0
1;5;12;0
1;5;13;0
1;5;14;0
1;5;15;0
1;5;16;0
1;5;17;0
1;5;18;0
1;5;19;0
1;5;20;0
1;5;21;0
1;5;22;0
1;5;23;0
1;5;24;0
1;5;25;0
1;5;26;0
1;5;27;0
1;5;28;0
1;5;29;0
1;5;30;0
1;6;6;0
1;6;7;0
1;6;8;0
1;6;9;0
1;6;10;0
1;6;11;0
1;6;12;0
1;6;13;0
1;6;14;0
1;6;15;0
1;6;16;0
1;6;17;0
1;6;18;0
1;6;19;0
1;6;20;0
1;6;21;0
1;6;22;0
1;6;23;126
1;6;24;234
1;6;25;283
1;6;26;355
1;6;27;370
1;6;28;400
1;6;29;518
1;6;30;492
1;7;7;0
1;7;8;0
1;7;9;0
1;7;10;0
1;7;11;0
1;7;12;0
1;7;13;0
1;7;14;0
1;7;15;0
1;7;16;0
1;7;17;0
1;7;18;0
1;7;19;0
1;7;20;0
1;7;21;0
1;7;22;0
1;7;23;0
1;7;24;0
1;7;25;0
1;7;26;0
1;7;27;0
1;7;28;0
1;7;29;0
1;7;30;0
1;8;8;0
1;8;9;0
1;8;10;0
1;8;11;0
1;8;12;0
1;8;13;0
1;8;14;0
1;8;15;0
1;8;16;758
1;8;17;799
1;8;18;694
1;8;19;676
1;8;20;773
1;8;21;713
1;8;22;682
1;8;23;664
1;8;24;626
1;8;25;612
1;8;26;637
1;8;27;678
1;8;28;568
1;8;29;617
1;8;30;639
1;9;9;0
1;9;10;0
1;9;11;0
1;9;12;0
1;9;13;0
1;9;14;0
1;9;15;0
1;9;16;0
1;9;17;0
1;9;18;0
1;9;19;0
1;9;20;0
1;9;21;0
1;9;22;0
1;9;23;0
1;9;24;0
1;9;25;0
1;9;26;0
1;9;27;0
1;9;28;0
1;9;29;0
1;9;30;0
1;10;10;0
1;10;11;0
1;10;12;0
1;10;13;0
1;10;14;0
1;10;15;0
1;10;16;0
1;10;17;545
1;10;18;667
1;10;19;723
1;10;20;771
1;10;21;693
1;10;22;736
1;10;23;746
1;10;24;725
1;10;25;637
1;10;26;658
1;10;27;635
1;10;28;579
1;10;29;605
1;10;30;602
1;11;11;0
1;11;12;0
1;11;13;0
1;11;14;0
1;11;15;0
1;11;16;0
1;11;17;0
1;11;18;0
1;11;19;0
1;11;20;0
1;11;21;0
1;11;22;0
1;11;23;0
1;11;24;0
1;11;25;0
1;11;26;0
1;11;27;0
1;11;28;0
1;11;29;0
1;11;30;0
1;12;12;0
1;12;13;0
1;12;14;0
1;12;15;0
1;12;16;0
1;12;17;0
1;12;18;0
1;12;19;0
1;12;20;147
1;12;21;403
1;12;22;489
1;12;23;518
1;12;24;524
1;12;25;543
1;12;26;572
1;12;27;587
1;12;28;578
1;12;29;607
1;12;30;606
1;13;13;0
1;13;14;0
1;13;15;0
1;13;16;0
1;13;17;0
1;13;18;0
1;13;19;0
1;13;20;0
1;13;21;0
1;13;22;0
1;13;23;0
1;13;24;0
1;13;25;0
1;13;26;0
1;13;27;0
1;13;28;0
1;13;29;0
1;13;30;0
1;14;14;0
1;14;15;0
1;14;16;0
1;14;17;0
1;14;18;3297
1;14;19;2539
1;14;20;1578
1;14;21;955
1;14;22;805
1;14;23;699
1;14;24;654
1;14;25;619
1;14;26;630
1;14;27;592
1;14;28;571
1;14;29;608
1;14;30;604
1;15;15;0
1;15;16;0
1;15;17;0
1;15;18;0
1;15;19;0
1;15;20;0
1;15;21;0
1;15;22;0
1;15;23;0
1;15;24;0
1;15;25;0
1;15;26;0
1;15;27;0
1;15;28;0
1;15;29;0
1;15;30;0
1;16;16;0
1;16;17;0
1;16;18;0
1;16;19;0
1;16;20;0
1;16;21;484
1;16;22;390
1;16;23;405
1;16;24;448
1;16;25;533
1;16;26;584
1;16;27;632
1;16;28;586
1;16;29;608
1;16;30;660
2;1;2;0
2;1;3;0
2;1;4;0
2;1;5;0
2;1;6;0
2;1;7;0
2;1;8;0
2;1;9;0
2;1;10;0
2;1;11;0
2;1;12;0
2;1;13;0
2;1;14;0
2;1;15;0
2;1;16;0
2;1;17;0
2;1;18;0
2;1;19;0
2;1;20;0
2;1;21;0
2;1;22;0
2;1;23;0
2;1;24;0
2;1;25;0
2;1;26;0
2;1;27;0
2;1;28;0
2;1;29;0
2;1;30;0
2;2;2;0
2;2;3;0
2;2;4;0
2;2;5;0
2;2;6;0
2;2;7;0
2;2;8;0
2;2;9;0
2;2;10;0
2;2;11;0
2;2;12;0
2;2;13;0
2;2;14;0
2;2;15;0
2;2;16;0
2;2;17;0
2;2;18;0
2;2;19;0
2;2;20;0
2;2;21;0
2;2;22;0
2;2;23;0
2;2;24;0
2;2;25;0
2;2;26;0
2;2;27;0
2;2;28;0
2;2;29;0
2;2;30;0
2;3;3;0
2;3;4;0
2;3;5;0
2;3;6;0
2;3;7;0
2;3;8;0
2;3;9;0
2;3;10;0
2;3;11;0
2;3;12;0
2;3;13;0
2;3;14;0
2;3;15;0
2;3;16;0
2;3;17;0
2;3;18;0
2;3;19;0
2;3;20;0
2;3;21;0
2;3;22;0
2;3;23;0
2;3;24;0
2;3;25;0
2;3;26;0
2;3;27;0
2;3;28;0
2;3;29;0
2;3;30;0
2;4;4;0
2;4;5;0
2;4;6;0
2;4;7;0
2;4;8;0
2;4;9;0
2;4;10;0
2;4;11;0
2;4;12;0
2;4;13;0
2;4;14;0
2;4;15;0
2;4;16;0
2;4;17;0
2;4;18;0
2;4;19;0
2;4;20;0
2;4;21;0
2;4;22;0
2;4;23;0
2;4;24;0
2;4;25;0
2;4;26;0
2;4;27;0
2;4;28;0
2;4;29;0
2;4;30;0
2;5;5;0
2;5;6;0
2;5;7;0
2;5;8;0
2;5;9;0
2;5;10;0
2;5;11;0
2;5;12;0
2;5;13;0
2;5;14;0
2;5;15;0
2;5;16;0
2;5;17;0
2;5;18;0
2;5;19;0
2;5;20;0
2;5;21;0
2;5;22;0
2;5;23;0
2;5;24;0
2;5;25;0
2;5;26;0
2;5;27;0
2;5;28;0
2;5;29;0
2;5;30;0
2;6;6;0
2;6;7;0
2;6;8;0
2;6;9;0
2;6;10;0
2;6;11;0
2;6;12;0
2;6;13;0
2;6;14;0
2;6;15;0
2;6;16;0
2;6;17;0
2;6;18;0
2;6;19;0
2;6;20;0
2;6;21;0
2;6;22;0
2;6;23;106
2;6;24;226
2;6;25;271
2;6;26;323
2;6;27;341
2;6;28;425
2;6;29;479
2;6;30;532
2;7;7;0
2;7;8;0
2;7;9;0
2;7;10;0
2;7;11;0
2;7;12;0
2;7;13;0
2;7;14;0
2;7;15;0
2;7;16;0
2;7;17;0
2;7;18;0
2;7;19;0
2;7;20;0
2;7;21;0
2;7;22;0
2;7;23;0
2;7;24;0
2;7;25;0
2;7;26;0
2;7;27;0
2;7;28;0
2;7;29;0
2;7;30;0
2;8;8;0
2;8;9;0
2;8;10;0
2;8;11;0
2;8;12;0
2;8;13;0
2;8;14;0
2;8;15;0
2;8;16;794
2;8;17;858
2;8;18;696
2;8;19;701
2;8;20;738
2;8;21;738
2;8;22;715
2;8;23;688
2;8;24;646
2;8;25;591
2;8;26;622
2;8;27;646
2;8;28;618
2;8;29;632
2;8;30;623
2;9;9;0
2;9;10;0
2;9;11;0
2;9;12;0
2;9;13;0
2;9;14;0
2;9;15;0
2;9;16;0
2;9;17;0
2;9;18;0
2;9;19;0
2;9;20;0
2;9;21;0
2;9;22;0
2;9;23;0
2;9;24;0
2;9;25;0
2;9;26;0
2;9;27;0
2;9;28;0
2;9;29;0
2;9;30;0
2;10;10;0
2;10;11;0
2;10;12;0
2;10;13;0
2;10;14;0
2;10;15;0
2;10;16;0
2;10;17;530
2;10;18;739
2;10;19;756
2;10;20;718
2;10;21;699
2;10;22;709
2;10;23;686
2;10;24;702
2;10;25;635
2;10;26;634
2;10;27;634
2;10;28;622
2;10;29;613
2;10;30;621
2;11;11;0
2;11;12;0
2;11;13;0
2;11;14;0
2;11;15;0
2;11;16;0
2;11;17;0
2;11;18;0
2;11;19;0
2;11;20;0
2;11;21;0
2;11;22;0
2;11;23;0
2;11;24;0
2;11;25;0
2;11;26;0
2;11;27;0
2;11;28;0
2;11;29;0
2;11;30;0
2;12;12;0
2;12;13;0
2;12;14;0
2;12;15;0
2;12;16;0
2;12;17;0
2;12;18;0
2;12;19;0
2;12;20;161
2;12;21;378
2;12;22;462
2;12;23;487
2;12;24;526
2;12;25;622
2;12;26;608
2;12;27;595
2;12;28;611
2;12;29;598
2;12;30;621
2;13;13;0
2;13;14;0
2;13;15;0
2;13;16;0
2;13;17;0
2;13;18;0
2;13;19;0
2;13;20;0
2;13;21;0
2;13;22;0
2;13;23;0
2;13;24;0
2;13;25;0
2;13;26;0
2;13;27;0
2;13;28;0
2;13;29;0
2;13;30;0
2;14;14;0
2;14;15;0
2;14;16;0
2;14;17;0
2;14;18;3231
2;14;19;2568
2;14;20;1528
2;14;21;972
2;14;22;765
2;14;23;761
2;14;24;700
2;14;25;658
2;14;26;626
2;14;27;608
2;14;28;579
2;14;29;652
2;14;30;612
2;15;15;0
2;15;16;0
2;15;17;0
2;15;18;0
2;15;19;0
2;15;20;0
2;15;21;0
2;15;22;0
2;15;23;0
2;15;24;0
2;15;25;0
2;15;26;0
2;15;27;0
2;15;28;0
2;15;29;0
2;15;30;0
2;16;16;0
2;16;17;0
2;16;18;0
2;16;19;0
2;16;20;0
2;16;21;507
2;16;22;419
2;16;23;433
2;16;24;435
2;16;25;580
2;16;26;609
2;16;27;561
2;16;28;564
2;16;29;596
2;16;30;614
3;1;2;0
3;1;3;0
3;1;4;0
3;1;5;0
3;1;6;0
3;1;7;0
3;1;8;0
3;1;9;0
3;1;10;0
3;1;11;0
3;1;12;0
3;1;13;0
3;1;14;0
3;1;15;0
3;1;16;0
3;1;17;0
3;1;18;0
3;1;19;0
3;1;20;0
3;1;21;0
3;1;22;0
3;1;23;0
3;1;24;0
3;1;25;0
3;1;26;0
3;1;27;0
3;1;28;0
3;1;29;0
3;1;30;0
3;2;2;0
3;2;3;0
3;2;4;0
3;2;5;0
3;2;6;0
3;2;7;0
3;2;8;0
3;2;9;0
3;2;10;0
3;2;11;0
3;2;12;0
3;2;13;0
3;2;14;0
3;2;15;0
3;2;16;0
3;2;17;0
3;2;18;0
3;2;19;0
3;2;20;0
3;2;21;0
3;2;22;0
3;2;23;0
3;2;24;0
3;2;25;0
3;2;26;0
3;2;27;0
3;2;28;0
3;2;29;0
3;2;30;0
3;3;3;0
3;3;4;0
3;3;5;0
3;3;6;0
3;3;7;0
3;3;8;0
3;3;9;0
3;3;10;0
3;3;11;0
3;3;12;0
3;3;13;0
3;3;14;0
3;3;15;0
3;3;16;0
3;3;17;0
3;3;18;0
3;3;19;0
3;3;20;0
3;3;21;0
3;3;22;0
3;3;23;0
3;3;24;0
3;3;25;0
3;3;26;0
3;3;27;0
3;3;28;0
3;3;29;0
3;3;30;0
3;4;4;0
3;4;5;0
3;4;6;0
3;4;7;0
3;4;8;0
3;4;9;0
3;4;10;0
3;4;11;0
3;4;12;0
3;4;13;0
3;4;14;0
3;4;15;0
3;4;16;0
3;4;17;0
3;4;18;0
3;4;19;0
3;4;20;0
3;4;21;0
3;4;22;0
3;4;23;0
3;4;24;0
3;4;25;0
3;4;26;0
3;4;27;0
3;4;28;0
3;4;29;0
3;4;30;0
3;5;5;0
3;5;6;0
3;5;7;0
3;5;8;0
3;5;9;0
3;5;10;0
3;5;11;0
3;5;12;0
3;5;13;0
3;5;14;0
3;5;15;0
3;5;16;0
3;5;17;0
3;5;18;0
3;5;19;0
3;5;20;0
3;5;21;0
3;5;22;0
3;5;23;0
3;5;24;0
3;5;25;0
3;5;26;0
3;5;27;0
3;5;28;0
3;5;29;0
3;5;30;0
3;6;6;0
3;6;7;0
3;6;8;0
3;6;9;0
3;6;10;0
3;6;11;0
3;6;12;0
3;6;13;0
3;6;14;0
3;6;15;0
3;6;16;0
3;6;17;0
3;6;18;0
3;6;19;0
3;6;20;0
3;6;21;0
3;6;22;0
3;6;23;93
3;6;24;232
3;6;25;284
3;6;26;363
3;6;27;374
3;6;28;423
3;6;29;473
3;6;30;531
3;7;7;0
3;7;8;0
3;7;9;0
3;7;10;0
3;7;11;0
3;7;12;0
3;7;13;0
3;7;14;0
3;7;15;0
3;7;16;0
3;7;17;0
3;7;18;0
3;7;19;0
3;7;20;0
3;7;21;0
3;7;22;0
3;7;23;0
3;7;24;0
3;7;25;0
3;7;26;0
3;7;27;0
3;7;28;0
3;7;29;0
3;7;30;0
3;8;8;0
3;8;9;0
3;8;10;0
3;8;11;0
3;8;12;0
3;8;13;0
3;8;14;0
3;8;15;0
3;8;16;768
3;8;17;856
3;8;18;665
3;8;19;620
3;8;20;717
3;8;21;738
3;8;22;669
3;8;23;620
3;8;24;640
3;8;25;617
3;8;26;615
3;8;27;628
3;8;28;623
3;8;29;620
3;8;30;662
3;9;9;0
3;9;10;0
3;9;11;0
3;9;12;0
3;9;13;0
3;9;14;0
3;9;15;0
3;9;16;0
3;9;17;0
3;9;18;0
3;9;19;0
3;9;20;0
3;9;21;0
3;9;22;0
3;9;23;0
3;9;24;0
3;9;25;0
3;9;26;0
3;9;27;0
3;9;28;0
3;9;29;0
3;9;30;0
3;10;10;0
3;10;11;0
3;10;12;0
3;10;13;0
3;10;14;0
3;10;15;0
3;10;16;0
3;10;17;495
3;10;18;706
3;10;19;724
3;10;20;839
3;10;21;691
3;10;22;673
3;10;23;676
3;10;24;734
3;10;25;666
3;10;26;658
3;10;27;685
3;10;28;633
3;10;29;612
3;10;30;575
3;11;11;0
3;11;12;0
3;11;13;0
3;11;14;0
3;11;15;0
3;11;16;0
3;11;17;0
3;11;18;0
3;11;19;0
3;11;20;0
3;11;21;0
3;11;22;0
3;11;23;0
3;11;24;0
3;11;25;0
3;11;26;0
3;11;27;0
3;11;28;0
3;11;29;0
3;11;30;0
3;12;12;0
3;12;13;0
3;12;14;0
3;12;15;0
3;12;16;0
3;12;17;0
3;12;18;0
3;12;19;0
3;12;20;152
3;12;21;378
3;12;22;444
3;12;23;523
3;12;24;533
3;12;25;542
3;12;26;585
3;12;27;570
3;12;28;584
3;12;29;585
3;12;30;579
3;13;13;0
3;13;14;0
3;13;15;0
3;13;16;0
3;13;17;0
3;13;18;0
3;13;19;0
3;13;20;0
3;13;21;0
3;13;22;0
3;13;23;0
3;13;24;0
3;13;25;0
3;13;26;0
3;13;27;0
3;13;28;0
3;13;29;0
3;13;30;0
3;14;14;0
3;14;15;0
3;14;16;0
3;14;17;0
3;14;18;3321
3;14;19;2510
3;14;20;1537
3;14;21;950
3;14;22;830
3;14;23;670
3;14;24;692
3;14;25;590
3;14;26;572
3;14;27;649
3;14;28;608
3;14;29;634
3;14;30;593
3;15;15;0
3;15;16;0
3;15;17;0
3;15;18;0
3;15;19;0
3;15;20;0
3;15;21;0
3;15;22;0
3;15;23;0
3;15;24;0
3;15;25;0
3;15;26;0
3;15;27;0
3;15;28;0
3;15;29;0
3;15;30;0
3;16;16;0
3;16;17;0
3;16;18;0
3;16;19;0
3;16;20;0
3;16;21;492
3;16;22;387
3;16;23;433
3;16;24;426
3;16;25;547
3;16;26;598
3;16;27;598
3;16;28;584
3;16;29;594
3;16;30;704
4;1;2;0
4;1;3;0
4;1;4;0
4;1;5;0
4;1;6;0
4;1;7;0
4;1;8;0
4;1;9;0
4;1;10;0
4;1;11;0
4;1;12;0
4;1;13;0
4;1;14;0
4;1;15;0
4;1;16;0
4;1;17;0
4;1;18;0
4;1;19;0
4;1;20;0
4;1;21;0
4;1;22;0
4;1;23;0
4;1;24;0
4;1;25;0
4;1;26;0
4;1;27;0
4;1;28;0
4;1;29;0
4;1;30;0
4;2;2;0
4;2;3;0
4;2;4;0
4;2;5;0
4;2;6;0
4;2;7;0
4;2;8;0
4;2;9;0
4;2;10;0
4;2;11;0
4;2;12;0
4;2;13;0
4;2;14;0
4;2;15;0
4;2;16;0
4;2;17;0
4;2;18;0
4;2;19;0
4;2;20;0
4;2;21;0
4;2;22;0
4;2;23;0
4;2;24;0
4;2;25;0
4;2;26;0
4;2;27;0
4;2;28;0
4;2;29;0
4;2;30;0
4;3;3;0
4;3;4;0
4;3;5;0
4;3;6;0
4;3;7;0
4;3;8;0
4;3;9;0
4;3;10;0
4;3;11;0
4;3;12;0
4;3;13;0
4;3;14;0
4;3;15;0
4;3;16;0
4;3;17;0
4;3;18;0
4;3;19;0
4;3;20;0
4;3;21;0
4;3;22;0
4;3;23;0
4;3;24;0
4;3;25;0
4;3;26;0
4;3;27;0
4;3;28;0
4;3;29;0
4;3;30;0
4;4;4;0
4;4;5;0
4;4;6;0
4;4;7;0
4;4;8;0
4;4;9;0
4;4;10;0
4;4;11;0
4;4;12;0
4;4;13;0
4;4;14;0
4;4;15;0
4;4;16;0
4;4;17;0
4;4;18;0
4;4;19;0
4;4;20;0
4;4;21;0
4;4;22;0
4;4;23;0
4;4;24;0
4;4;25;0
4;4;26;0
4;4;27;0
4;4;28;0
4;4;29;0
4;4;30;0
4;5;5;0
4;5;6;0
4;5;7;0
4;5;8;0
4;5;9;0
4;5;10;0
4;5;11;0
4;5;12;0
4;5;13;0
4;5;14;0
4;5;15;0
4;5;16;0
4;5;17;0
4;5;18;0
4;5;19;0
4;5;20;0
4;5;21;0
4;5;22;0
4;5;23;0
4;5;24;0
4;5;25;0
4;5;26;0
4;5;27;0
4;5;28;0
4;5;29;0
4;5;30;0
4;6;6;0
4;6;7;0
4;6;8;0
4;6;9;0
4;6;10;0
4;6;11;0
4;6;12;0
4;6;13;0
4;6;14;0
4;6;15;0
4;6;16;0
4;6;17;0
4;6;18;0
4;6;19;0
4;6;20;0
4;6;21;0
4;6;22;0
4;6;23;97
4;6;24;213
4;6;25;296
4;6;26;368
4;6;27;368
4;6;28;444
4;6;29;489
4;6;30;518
4;7;7;0
4;7;8;0
4;7;9;0
4;7;10;0
4;7;11;0
4;7;12;0
4;7;13;0
4;7;14;0
4;7;15;0
4;7;16;0
4;7;17;0
4;7;18;0
4;7;19;0
4;7;20;0
4;7;21;0
4;7;22;0
4;7;23;0
4;7;24;0
4;7;25;0
4;7;26;0
4;7;27;0
4;7;28;0
4;7;29;0
4;7;30;0
4;8;8;0
4;8;9;0
4;8;10;0
4;8;11;0
4;8;12;0
4;8;13;0
4;8;14;0
4;8;15;0
4;8;16;791
4;8;17;816
4;8;18;650
4;8;19;625
4;8;20;728
4;8;21;766
4;8;22;652
4;8;23;661
4;8;24;601
4;8;25;598
4;8;26;637
4;8;27;598
4;8;28;640
4;8;29;629
4;8;30;664
4;9;9;0
4;9;10;0
4;9;11;0
4;9;12;0
4;9;13;0
4;9;14;0
4;9;15;0
4;9;16;0
4;9;17;0
4;9;18;0
4;9;19;0
4;9;20;0
4;9;21;0
4;9;22;0
4;9;23;0
4;9;24;0
4;9;25;0
4;9;26;0
4;9;27;0
4;9;28;0
4;9;29;0
4;9;30;0
4;10;10;0
4;10;11;0
4;10;12;0
4;10;13;0
4;10;14;0
4;10;15;0
4;10;16;0
4;10;17;516
4;10;18;713
4;10;19;783
4;10;20;719
4;10;21;698
4;10;22;780
4;10;23;669
4;10;24;666
4;10;25;643
4;10;26;630
4;10;27;656
4;10;28;602
4;10;29;602
4;10;30;628
4;11;11;0
4;11;12;0
4;11;13;0
4;11;14;0
4;11;15;0
4;11;16;0
4;11;17;0
4;11;18;0
4;11;19;0
4;11;20;0
4;11;21;0
4;11;22;0
4;11;23;0
4;11;24;0
4;11;25;0
4;11;26;0
4;11;27;0
4;11;28;0
4;11;29;0
4;11;30;0
4;12;12;0
4;12;13;0
4;12;14;0
4;12;15;0
4;12;16;0
4;12;17;0
4;12;18;0
4;12;19;0
4;12;20;169
4;12;21;350
4;12;22;480
4;12;23;548
4;12;24;549
4;12;25;545
4;12;26;611
4;12;27;560
4;12;28;612
4;12;29;643
4;12;30;603
4;13;13;0
4;13;14;0
4;13;15;0
4;13;16;0
4;13;17;0
4;13;18;0
4;13;19;0
4;13;20;0
4;13;21;0
4;13;22;0
4;13;23;0
4;13;24;0
4;13;25;0
4;13;26;0
4;13;27;0
4;13;28;0
4;13;29;0
4;13;30;0
4;14;14;0
4;14;15;0
4;14;16;0
4;14;17;0
4;14;18;3234
4;14;19;2559
4;14;20;1518
4;14;21;943
4;14;22;775
4;14;23;719
4;14;24;667
4;14;25;658
4;14;26;608
4;14;27;603
4;14;28;592
4;14;29;637
4;14;30;622
4;15;15;0
4;15;16;0
4;15;17;0
4;15;18;0
4;15;19;0
4;15;20;0
4;15;21;0
4;15;22;0
4;15;23;0
4;15;24;0
4;15;25;0
4;15;26;0
4;15;27;0
4;15;28;0
4;15;29;0
4;15;30;0
4;16;16;0
4;16;17;0
4;16;18;0
4;16;19;0
4;16;20;0
4;16;21;507
4;16;22;369
4;16;23;439
4;16;24;452
4;16;25;582
4;16;26;593
4;16;27;639
4;16;28;604
4;16;29;665
4;16;30;597
5;1;2;0
5;1;3;0
5;1;4;0
5;1;5;0
5;1;6;0
5;1;7;0
5;1;8;0
5;1;9;0
5;1;10;0
5;1;11;0
5;1;12;0
5;1;13;0
5;1;14;0
5;1;15;0
5;1;16;0
5;1;17;0
5;1;18;0
5;1;19;0
5;1;20;0
5;1;21;0
5;1;22;0
5;1;23;0
5;1;24;0
5;1;25;0
5;1;26;0
5;1;27;0
5;1;28;0
5;1;29;0
5;1;30;0
5;2;2;0
5;2;3;0
5;2;4;0
5;2;5;0
5;2;6;0
5;2;7;0
5;2;8;0
5;2;9;0
5;2;10;0
5;2;11;0
5;2;12;0
5;2;13;0
5;2;14;0
5;2;15;0
5;2;16;0
5;2;17;0
5;2;18;0
5;2;19;0
5;2;20;0
5;2;21;0
5;2;22;0
5;2;23;0
5;2;24;0
5;2;25;0
5;2;26;0
5;2;27;0
5;2;28;0
5;2;29;0
5;2;30;0
5;3;3;0
5;3;4;0
5;3;5;0
5;3;6;0
5;3;7;0
5;3;8;0
5;3;9;0
5;3;10;0
5;3;11;0
5;3;12;0
5;3;13;0
5;3;14;0
5;3;15;0
5;3;16;0
5;3;17;0
5;3;18;0
5;3;19;0
5;3;20;0
5;3;21;0
5;3;22;0
5;3;23;0
5;3;24;0
5;3;25;0
5;3;26;0
5;3;27;0
5;3;28;0
5;3;29;0
5;3;30;0
5;4;4;0
5;4;5;0
5;4;6;0
5;4;7;0
5;4;8;0
5;4;9;0
5;4;10;0
5;4;11;0
5;4;12;0
5;4;13;0
5;4;14;0
5;4;15;0
5;4;16;0
5;4;17;0
5;4;18;0
5;4;19;0
5;4;20;0
5;4;21;0
5;4;22;0
5;4;23;0
5;4;24;0
5;4;25;0
5;4;26;0
5;4;27;0
5;4;28;0
5;4;29;0
5;4;30;0
5;5;5;0
5;5;6;0
5;5;7;0
5;5;8;0
5;5;9;0
5;5;10;0
5;5;11;0
5;5;12;0
5;5;13;0
5;5;14;0
5;5;15;0
5;5;16;0
5;5;17;0
5;5;18;0
5;5;19;0
5;5;20;0
5;5;21;0
5;5;22;0
5;5;23;0
5;5;24;0
5;5;25;0
5;5;26;0
5;5;27;0
5;5;28;0
5;5;29;0
5;5;30;0
5;6;6;0
5;6;7;0
5;6;8;0
5;6;9;0
5;6;10;0
5;6;11;0
5;6;12;0
5;6;13;0
5;6;14;0
5;6;15;0
5;6;16;0
5;6;17;0
5;6;18;0
5;6;19;0
5;6;20;0
5;6;21;0
5;6;22;0
5;6;23;102
5;6;24;212
5;6;25;262
5;6;26;354
5;6;27;366
5;6;28;414
5;6;29;481
5;6;30;543
5;7;7;0
5;7;8;0
5;7;9;0
5;7;10;0
5;7;11;0
5;7;12;0
5;7;13;0
5;7;14;0
5;7;15;0
5;7;16;0
5;7;17;0
5;7;18;0
5;7;19;0
5;7;20;0
5;7;21;0
5;7;22;0
5;7;23;0
5;7;24;0
5;7;25;0
5;7;26;0
5;7;27;0
5;7;28;0
5;7;29;0
5;7;30;0
5;8;8;0
5;8;9;0
5;8;10;0
5;8;11;0
5;8;12;0
5;8;13;0
5;8;14;0
5;8;15;0
5;8;16;790
5;8;17;884
5;8;18;671
5;8;19;640
5;8;20;684
5;8;21;753
5;8;22;698
5;8;23;676
5;8;24;597
5;8;25;569
5;8;26;643
5;8;27;595
5;8;28;656
5;8;29;636
5;8;30;623
5;9;9;0
5;9;10;0
5;9;11;0
5;9;12;0
5;9;13;0
5;9;14;0
5;9;15;0
5;9;16;0
5;9;17;0
5;9;18;0
5;9;19;0
5;9;20;0
5;9;21;0
5;9;22;0
5;9;23;0
5;9;24;0
5;9;25;0
5;9;26;0
5;9;27;0
5;9;28;0
5;9;29;0
5;9;30;0
5;10;10;0
5;10;11;0
5;10;12;0
5;10;13;0
5;10;14;0
5;10;15;0
5;10;16;0
5;10;17;551
5;10;18;668
5;10;19;758
5;10;20;789
5;10;21;654
5;10;22;708
5;10;23;708
5;10;24;641
5;10;25;689
5;10;26;646
5;10;27;624
5;10;28;648
5;10;29;587
5;10;30;574
5;11;11;0
5;11;12;0
5;11;13;0
5;11;14;0
5;11;15;0
5;11;16;0
5;11;17;0
5;11;18;0
5;11;19;0
5;11;20;0
5;11;21;0
5;11;22;0
5;11;23;0
5;11;24;0
5;11;25;0
5;11;26;0
5;11;27;0
5;11;28;0
5;11;29;0
5;11;30;0
5;12;12;0
5;12;13;0
5;12;14;0
5;12;15;0
5;12;16;0
5;12;17;0
5;12;18;0
5;12;19;0
5;12;20;164
5;12;21;382
5;12;22;466
5;12;23;516
5;12;24;519
5;12;25;570
5;12;26;593
5;12;27;574
5;12;28;614
5;12;29;574
5;12;30;595
5;13;13;0
5;13;14;0
5;13;15;0
5;13;16;0
5;13;17;0
5;13;18;0
5;13;19;0
5;13;20;0
5;13;21;0
5;13;22;0
5;13;23;0
5;13;24;0
5;13;25;0
5;13;26;0
5;13;27;0
5;13;28;0
5;13;29;0
5;13;30;0
5;14;14;0
5;14;15;0
5;14;16;0
5;14;17;0
5;14;18;3280
5;14;19;2638
5;14;20;1560
5;14;21;993
5;14;22;805
5;14;23;710
5;14;24;719
5;14;25;614
5;14;26;599
5;14;27;603
5;14;28;634
5;14;29;581
5;14;30;617
5;15;15;0
5;15;16;0
5;15;17;0
5;15;18;0
5;15;19;0
5;15;20;0
5;15;21;0
5;15;22;0
5;15;23;0
5;15;24;0
5;15;25;0
5;15;26;0
5;15;27;0
5;15;28;0
5;15;29;0
5;15;30;0
5;16;16;0
5;16;17;0
5;16;18;0
5;16;19;0
5;16;20;0
5;16;21;458
5;16;22;379
5;16;23;441
5;16;24;512
5;16;25;562
5;16;26;591
5;16;27;603
5;16;28;625
5;16;29;635
5;16;30;632
6;1;2;0
6;1;3;0
6;1;4;0
6;1;5;0
6;1;6;0
6;1;7;0
6;1;8;0
6;1;9;0
6;1;10;0
6;1;11;0
6;1;12;0
6;1;13;0
6;1;14;0
6;1;15;0
6;1;16;0
6;1;17;0
6;1;18;0
6;1;19;0
6;1;20;0
6;1;21;0
6;1;22;0
6;1;23;0
6;1;24;0
6;1;25;0
6;1;26;0
6;1;27;0
6;1;28;0
6;1;29;0
6;1;30;0
6;2;2;0
6;2;3;0
6;2;4;0
6;2;5;0
6;2;6;0
6;2;7;0
6;2;8;0
6;2;9;0
6;2;10;0
6;2;11;0
6;2;12;0
6;2;13;0
6;2;14;0
6;2;15;0
6;2;16;0
6;2;17;0
6;2;18;0
6;2;19;0
6;2;20;0
6;2;21;0
6;2;22;0
6;2;23;0
6;2;24;0
6;2;25;0
6;2;26;0
6;2;27;0
6;2;28;0
6;2;29;0
6;2;30;0
6;3;3;0
6;3;4;0
6;3;5;0
6;3;6;0
6;3;7;0
6;3;8;0
6;3;9;0
6;3;10;0
6;3;11;0
6;3;12;0
6;3;13;0
6;3;14;0
6;3;15;0
6;3;16;0
6;3;17;0
6;3;18;0
6;3;19;0
6;3;20;0
6;3;21;0
6;3;22;0
6;3;23;0
6;3;24;0
6;3;25;0
6;3;26;0
6;3;27;0
6;3;28;0
6;3;29;0
6;3;30;0
6;4;4;0
6;4;5;0
6;4;6;0
6;4;7;0
6;4;8;0
6;4;9;0
6;4;10;0
6;4;11;0
6;4;12;0
6;4;13;0
6;4;14;0
6;4;15;0
6;4;16;0
6;4;17;0
6;4;18;0
6;4;19;0
6;4;20;0
6;4;21;0
6;4;22;0
6;4;23;0
6;4;24;0
6;4;25;0
6;4;26;0
6;4;27;0
6;4;28;0
6;4;29;0
6;4;30;0
6;5;5;0
6;5;6;0
6;5;7;0
6;5;8;0
6;5;9;0
6;5;10;0
6;5;11;0
6;5;12;0
6;5;13;0
6;5;14;0
6;5;15;0
6;5;16;0
6;5;17;0
6;5;18;0
6;5;19;0
6;5;20;0
6;5;21;0
6;5;22;0
6;5;23;0
6;5;24;0
6;5;25;0
6;5;26;0
6;5;27;0
6;5;28;0
6;5;29;0
6;5;30;0
6;6;6;0
6;6;7;0
6;6;8;0
6;6;9;0
6;6;10;0
6;6;11;0
6;6;12;0
6;6;13;0
6;6;14;0
6;6;15;0
6;6;16;0
6;6;17;0
6;6;18;0
6;6;19;0
6;6;20;0
6;6;21;0
6;6;22;0
6;6;23;114
6;6;24;207
6;6;25;303
6;6;26;381
6;6;27;350
6;6;28;417
6;6;29;517
6;6;30;524
6;7;7;0
6;7;8;0
6;7;9;0
6;7;10;0
6;7;11;0
6;7;12;0
6;7;13;0
6;7;14;0
6;7;15;0
6;7;16;0
6;7;17;0
6;7;18;0
6;7;19;0
6;7;20;0
6;7;21;0
6;7;22;0
6;7;23;0
6;7;24;0
6;7;25;0
6;7;26;0
6;7;27;0
6;7;28;0
6;7;29;0
6;7;30;0
6;8;8;0
6;8;9;0
6;8;10;0
6;8;11;0
6;8;12;0
6;8;13;0
6;8;14;0
6;8;15;0
6;8;16;743
6;8;17;819
6;8;18;689
6;8;19;647
6;8;20;692
6;8;21;768
6;8;22;662
6;8;23;636
6;8;24;627
6;8;25;636
6;8;26;654
6;8;27;620
6;8;28;636
6;8;29;649
6;8;30;603
6;9;9;0
6;9;10;0
6;9;11;0
6;9;12;0
6;9;13;0
6;9;14;0
6;9;15;0
6;9;16;0
6;9;17;0
6;9;18;0
6;9;19;0
6;9;20;0
6;9;21;0
6;9;22;0
6;9;23;0
6;9;24;0
6;9;25;0
6;9;26;0
6;9;27;0
6;9;28;0
6;9;29;0
6;9;30;0
6;10;10;0
6;10;11;0
6;10;12;0
6;10;13;0
6;10;14;0
6;10;15;0
6;10;16;0
6;10;17;541
6;10;18;681
6;10;19;752
6;10;20;757
6;10;21;721
6;10;22;706
6;10;23;681
6;10;24;747
6;10;25;700
6;10;26;662
6;10;27;633
6;10;28;599
6;10;29;570
6;10;30;611
6;11;11;0
6;11;12;0
6;11;13;0
6;11;14;0
6;11;15;0
6;11;16;0
6;11;17;0
6;11;18;0
6;11;19;0
6;11;20;0
6;11;21;0
6;11;22;0
6;11;23;0
6;11;24;0
6;11;25;0
6;11;26;0
6;11;27;0
6;11;28;0
6;11;29;0
6;11;30;0
6;12;12;0
6;12;13;0
6;12;14;0
6;12;15;0
6;12;16;0
6;12;17;0
6;12;18;0
6;12;19;0
6;12;20;162
6;12;21;350
6;12;22;468
6;12;23;459
6;12;24;551
6;12;25;542
6;12;26;584
6;12;27;598
6;12;28;616
6;12;29;591
6;12;30;663
6;13;13;0
6;13;14;0
6;13;15;0
6;13;16;0
6;13;17;0
6;13;18;0
6;13;19;0
6;13;20;0
6;13;21;0
6;13;22;0
6;13;23;0
6;13;24;0
6;13;25;0
6;13;26;0
6;13;27;0
6;13;28;0
6;13;29;0
6;13;30;0
6;14;14;0
6;14;15;0
6;14;16;0
6;14;17;0
6;14;18;3231
6;14;19;2616
6;14;20;1544
6;14;21;916
6;14;22;799
6;14;23;708
6;14;24;671
6;14;25;668
6;14;26;608
6;14;27;600
6;14;28;589
6;14;29;594
6;14;30;596
6;15;15;0
6;15;16;0
6;15;17;0
6;15;18;0
6;15;19;0
6;15;20;0
6;15;21;0
6;15;22;0
6;15;23;0
6;15;24;0
6;15;25;0
6;15;26;0
6;15;27;0
6;15;28;0
6;15;29;0
6;15;30;0
6;16;16;0
6;16;17;0
6;16;18;0
6;16;19;0
6;16;20;0
6;16;21;525
6;16;22;408
6;16;23;446
6;16;24;461
6;16;25;552
6;16;26;536
6;16;27;604
6;16;28;586
6;16;29;607
6;16;30;608
7;1;2;0
7;1;3;0
7;1;4;0
7;1;5;0
7;1;6;0
7;1;7;0
7;1;8;0
7;1;9;0
7;1;10;0
7;1;11;0
7;1;12;0
7;1;13;0
7;1;14;0
7;1;15;0
7;1;16;0
7;1;17;0
7;1;18;0
7;1;19;0
7;1;20;0
7;1;21;0
7;1;22;0
7;1;23;0
7;1;24;0
7;1;25;0
7;1;26;0
7;1;27;0
7;1;28;0
7;1;29;0
7;1;30;0
7;2;2;0
7;2;3;0
7;2;4;0
7;2;5;0
7;2;6;0
7;2;7;0
7;2;8;0
7;2;9;0
7;2;10;0
7;2;11;0
7;2;12;0
7;2;13;0
7;2;14;0
7;2;15;0
7;2;16;0
7;2;17;0
7;2;18;0
7;2;19;0
7;2;20;0
7;2;21;0
7;2;22;0
7;2;23;0
7;2;24;0
7;2;25;0
7;2;26;0
7;2;27;0
7;2;28;0
7;2;29;0
7;2;30;0
7;3;3;0
7;3;4;0
7;3;5;0
7;3;6;0
7;3;7;0
7;3;8;0
7;3;9;0
7;3;10;0
7;3;11;0
7;3;12;0
7;3;13;0
7;3;14;0
7;3;15;0
7;3;16;0
7;3;17;0
7;3;18;0
7;3;19;0
7;3;20;0
7;3;21;0
7;3;22;0
7;3;23;0
7;3;24;0
7;3;25;0
7;3;26;0
7;3;27;0
7;3;28;0
7;3;29;0
7;3;30;0
7;4;4;0
7;4;5;0
7;4;6;0
7;4;7;0
7;4;8;0
7;4;9;0
7;4;10;0
7;4;11;0
7;4;12;0
7;4;13;0
7;4;14;0
7;4;15;0
7;4;16;0
7;4;17;0
7;4;18;0
7;4;19;0
7;4;20;0
7;4;21;0
7;4;22;0
7;4;23;0
7;4;24;0
7;4;25;0
7;4;26;0
7;4;27;0
7;4;28;0
7;4;29;0
7;4;30;0
7;5;5;0
7;5;6;0
7;5;7;0
7;5;8;0
7;5;9;0
7;5;10;0
7;5;11;0
7;5;12;0
7;5;13;0
7;5;14;0
7;5;15;0
7;5;16;0
7;5;17;0
7;5;18;0
7;5;19;0
7;5;20;0
7;5;21;0
7;5;22;0
7;5;23;0
7;5;24;0
7;5;25;0
7;5;26;0
7;5;27;0
7;5;28;0
7;5;29;0
7;5;30;0
7;6;6;0
7;6;7;0
7;6;8;0
7;6;9;0
7;6;10;0
7;6;11;0
7;6;12;0
7;6;13;0
7;6;14;0
7;6;15;0
7;6;16;0
7;6;17;0
7;6;18;0
7;6;19;0
7;6;20;0
7;6;21;0
7;6;22;0
7;6;23;97
7;6;24;236
7;6;25;260
7;6;26;342
7;6;27;384
7;6;28;451
7;6;29;447
7;6;30;505
7;7;7;0
7;7;8;0
7;7;9;0
7;7;10;0
7;7;11;0
7;7;12;0
7;7;13;0
7;7;14;0
7;7;15;0
7;7;16;0
7;7;17;0
7;7;18;0
7;7;19;0
7;7;20;0
7;7;21;0
7;7;22;0
7;7;23;0
7;7;24;0
7;7;25;0
7;7;26;0
7;7;27;0
7;7;28;0
7;7;29;0
7;7;30;0
7;8;8;0
7;8;9;0
7;8;10;0
7;8;11;0
7;8;12;0
7;8;13;0
7;8;14;0
7;8;15;0
7;8;16;807
7;8;17;849
7;8;18;673
7;8;19;636
7;8;20;735
7;8;21;744
7;8;22;715
7;8;23;668
7;8;24;587
7;8;25;627
7;8;26;608
7;8;27;634
7;8;28;634
7;8;29;637
7;8;30;638
7;9;9;0
7;9;10;0
7;9;11;0
7;9;12;0
7;9;13;0
7;9;14;0
7;9;15;0
7;9;16;0
7;9;17;0
7;9;18;0
7;9;19;0
7;9;20;0
7;9;21;0
7;9;22;0
7;9;23;0
7;9;24;0
7;9;25;0
7;9;26;0
7;9;27;0
7;9;28;0
7;9;29;0
7;9;30;0
7;10;10;0
7;10;11;0
7;10;12;0
7;10;13;0
7;10;14;0
7;10;15;0
7;10;16;0
7;10;17;502
7;10;18;771
7;10;19;763
7;10;20;752
7;10;21;706
7;10;22;682
7;10;23;696
7;10;24;675
7;10;25;640
7;10;26;611
7;10;27;648
7;10;28;634
7;10;29;639
7;10;30;596
7;11;11;0
7;11;12;0
7;11;13;0
7;11;14;0
7;11;15;0
7;11;16;0
7;11;17;0
7;11;18;0
7;11;19;0
7;11;20;0
7;11;21;0
7;11;22;0
7;11;23;0
7;11;24;0
7;11;25;0
7;11;26;0
7;11;27;0
7;11;28;0
7;11;29;0
7;11;30;0
7;12;12;0
7;12;13;0
7;12;14;0
7;12;15;0
7;12;16;0
7;12;17;0
7;12;18;0
7;12;19;0
7;12;20;171
7;12;21;365
7;12;22;484
7;12;23;549
7;12;24;534
7;12;25;546
7;12;26;612
7;12;27;554
7;12;28;643
7;12;29;578
7;12;30;648
7;13;13;0
7;13;14;0
7;13;15;0
7;13;16;0
7;13;17;0
7;13;18;0
7;13;19;0
7;13;20;0
7;13;21;0
7;13;22;0
7;13;23;0
7;13;24;0
7;13;25;0
7;13;26;0
7;13;27;0
7;13;28;0
7;13;29;0
7;13;30;0
7;14;14;0
7;14;15;0
7;14;16;0
7;14;17;0
7;14;18;3304
7;14;19;2598
7;14;20;1553
7;14;21;928
7;14;22;752
7;14;23;763
7;14;24;696
7;14;25;620
7;14;26;591
7;14;27;617
7;14;28;603
7;14;29;640
7;14;30;604
7;15;15;0
7;15;16;0
7;15;17;0
7;15;18;0
7;15;19;0
7;15;20;0
7;15;21;0
7;15;22;0
7;15;23;0
7;15;24;0
7;15;25;0
7;15;26;0
7;15;27;0
7;15;28;0
7;15;29;0
7;15;30;0
7;16;16;0
7;16;17;0
7;16;18;0
7;16;19;0
7;16;20;0
7;16;21;487
7;16;22;401
7;16;23;459
7;16;24;443
7;16;25;566
7;16;26;580
7;16;27;619
7;16;28;635
7;16;29;636
7;16;30;648
8;1;2;0
8;1;3;0
8;1;4;0
8;1;5;0
8;1;6;0
8;1;7;0
8;1;8;0
8;1;9;0
8;1;10;0
8;1;11;0
8;1;12;0
8;1;13;0
8;1;14;0
8;1;15;0
8;1;16;0
8;1;17;0
8;1;18;0
8;1;19;0
8;1;20;0
8;1;21;0
8;1;22;0
8;1;23;0
8;1;24;0
8;1;25;0
8;1;26;0
8;1;27;0
8;1;28;0
8;1;29;0
8;1;30;0
8;2;2;0
8;2;3;0
8;2;4;0
8;2;5;0
8;2;6;0
8;2;7;0
8;2;8;0
8;2;9;0
8;2;10;0
8;2;11;0
8;2;12;0
8;2;13;0
8;2;14;0
8;2;15;0
8;2;16;0
8;2;17;0
8;2;18;0
8;2;19;0
8;2;20;0
8;2;21;0
8;2;22;0
8;2;23;0
8;2;24;0
8;2;25;0
8;2;26;0
8;2;27;0
8;2;28;0
8;2;29;0
8;2;30;0
8;3;3;0
8;3;4;0
8;3;5;0
8;3;6;0
8;3;7;0
8;3;8;0
8;3;9;0
8;3;10;0
8;3;11;0
8;3;12;0
8;3;13;0
8;3;14;0
8;3;15;0
8;3;16;0
8;3;17;0
8;3;18;0
8;3;19;0
8;3;20;0
8;3;21;0
8;3;22;0
8;3;23;0
8;3;24;0
8;3;25;0
8;3;26;0
8;3;27;0
8;3;28;0
8;3;29;0
8;3;30;0
8;4;4;0
8;4;5;0
8;4;6;0
8;4;7;0
8;4;8;0
8;4;9;0
8;4;10;0
8;4;11;0
8;4;12;0
8;4;13;0
8;4;14;0
8;4;15;0
8;4;16;0
8;4;17;0
8;4;18;0
8;4;19;0
8;4;20;0
8;4;21;0
8;4;22;0
8;4;23;0
8;4;24;0
8;4;25;0
8;4;26;0
8;4;27;0
8;4;28;0
8;4;29;0
8;4;30;0
8;5;5;0
8;5;6;0
8;5;7;0
8;5;8;0
8;5;9;0
8;5;10;0
8;5;11;0
8;5;12;0
8;5;13;0
8;5;14;0
8;5;15;0
8;5;16;0
8;5;17;0
8;5;18;0
8;5;19;0
8;5;20;0
8;5;21;0
8;5;22;0
8;5;23;0
8;5;24;0
8;5;25;0
8;5;26;0
8;5;27;0
8;5;28;0
8;5;29;0
8;5;30;0
8;6;6;0
8;6;7;0
8;6;8;0
8;6;9;0
8;6;10;0
8;6;11;0
8;6;12;0
8;6;13;0
8;6;14;0
8;6;15;0
8;6;16;0
8;6;17;0
8;6;18;0
8;6;19;0
8;6;20;0
8;6;21;0
8;6;22;0
8;6;23;98
8;6;24;217
8;6;25;260
8;6;26;378
8;6;27;320
8;6;28;444
8;6;29;516
8;6;30;505
8;7;7;0
8;7;8;0
8;7;9;0
8;7;10;0
8;7;11;0
8;7;12;0
8;7;13;0
8;7;14;0
8;7;15;0
8;7;16;0
8;7;17;0
8;7;18;0
8;7;19;0
8;7;20;0
8;7;21;0
8;7;22;0
8;7;23;0
8;7;24;0
8;7;25;0
8;7;26;0
8;7;27;0
8;7;28;0
8;7;29;0
8;7;30;0
8;8;8;0
8;8;9;0
8;8;10;0
8;8;11;0
8;8;12;0
8;8;13;0
8;8;14;0
8;8;15;0
8;8;16;801
8;8;17;796
8;8;18;681
8;8;19;629
8;8;20;733
8;8;21;694
8;8;22;682
8;8;23;678
8;8;24;627
8;8;25;595
8;8;26;576
8;8;27;663
8;8;28;640
8;8;29;626
8;8;30;630
8;9;9;0
8;9;10;0
8;9;11;0
8;9;12;0
8;9;13;0
8;9;14;0
8;9;15;0
8;9;16;0
8;9;17;0
8;9;18;0
8;9;19;0
8;9;20;0
8;9;21;0
8;9;22;0
8;9;23;0
8;9;24;0
8;9;25;0
8;9;26;0
8;9;27;0
8;9;28;0
8;9;29;0
8;9;30;0
8;10;10;0
8;10;11;0
8;10;12;0
8;10;13;0
8;10;14;0
8;10;15;0
8;10;16;0
8;10;17;504
8;10;18;726
8;10;19;794
8;10;20;719
8;10;21;677
8;10;22;736
8;10;23;714
8;10;24;712
8;10;25;658
8;10;26;614
8;10;27;563
8;10;28;632
8;10;29;583
8;10;30;598
8;11;11;0
8;11;12;0
8;11;13;0
8;11;14;0
8;11;15;0
8;11;16;0
8;11;17;0
8;11;18;0
8;11;19;0
8;11;20;0
8;11;21;0
8;11;22;0
8;11;23;0
8;11;24;0
8;11;25;0
8;11;26;0
8;11;27;0
8;11;28;0
8;11;29;0
8;11;30;0
8;12;12;0
8;12;13;0
8;12;14;0
8;12;15;0
8;12;16;0
8;12;17;0
8;12;18;0
8;12;19;0
8;12;20;178
8;12;21;382
8;12;22;425
8;12;23;501
8;12;24;518
8;12;25;533
8;12;26;606
8;12;27;601
8;12;28;605
8;12;29;616
8;12;30;628
8;13;13;0
8;13;14;0
8;13;15;0
8;13;16;0
8;13;17;0
8;13;18;0
8;13;19;0
8;13;20;0
8;13;21;0
8;13;22;0
8;13;23;0
8;13;24;0
8;13;25;0
8;13;26;0
8;13;27;0
8;13;28;0
8;13;29;0
8;13;30;0
8;14;14;0
8;14;15;0
8;14;16;0
8;14;17;0
8;14;18;3266
8;14;19;2527
8;14;20;1518
8;14;21;945
8;14;22;805
8;14;23;738
8;14;24;722
8;14;25;643
8;14;26;649
8;14;27;595
8;14;28;630
8;14;29;593
8;14;30;564
8;15;15;0
8;15;16;0
8;15;17;0
8;15;18;0
8;15;19;0
8;15;20;0
8;15;21;0
8;15;22;0
8;15;23;0
8;15;24;0
8;15;25;0
8;15;26;0
8;15;27;0
8;15;28;0
8;15;29;0
8;15;30;0
8;16;16;0
8;16;17;0
8;16;18;0
8;16;19;0
8;16;20;0
8;16;21;498
8;16;22;417
8;16;23;459
8;16;24;474
8;16;25;536
8;16;26;591
8;16;27;586
8;16;28;606
8;16;29;628
8;16;30;581